1.50 2.50 3.50 4.50
2.20 3.20 4.20 5.20
1.30 2.30 3.30 4.30
2.80 3.80 4.80 5.80
1.70 2.70 3.70 4.70
2.50 3.50 4.50 5.50
1.00 2.00 3.00 4.00
1.90 2.90 3.90 4.90
3.10 4.10 5.10 6.10
1.60 2.60 3.60 4.60
2.40 3.40 4.40 5.40
1.20 2.20 3.20 4.20
2.70 3.70 4.70 5.70
1.80 2.80 3.80 4.80
2.60 3.60 4.60 5.60
1.40 2.40 3.40 4.40
2.10 3.10 4.10 5.10
2.90 3.90 4.90 5.90
1.10 2.10 3.10 4.10
2.30 3.30 4.30 5.30
3.00 4.00 5.00 6.00
2.00 3.00 4.00 5.00
3.20 4.20 5.20 6.20
4.10 5.10 6.10 7.10
3.50 4.50 5.50 6.50
4.30 5.30 6.30 7.30
3.80 4.80 5.80 6.80
4.50 5.50 6.50 7.50
4.00 5.00 6.00 7.00
3.40 4.40 5.40 6.40
3.90 4.90 5.90 6.90
4.20 5.20 6.20 7.20
3.70 4.70 5.70 6.70
4.40 5.40 6.40 7.40
3.30 4.30 5.30 6.30
3.60 4.60 5.60 6.60